50.666
82.5207
63.151
51.4629
58.3907
56.9974
49.2623
70.2052
59.053
84.201
87.5619
91.0191
79.0007
45.8051
64.1353
53.5343
72.4372
60.7689
79.3727
52.8454
62.3099
77.2005
61.7797
74.0599
62.4331
64.6932
68.0072
65.1294
65.1292
56.0301
67.8254
52.3864
55.1655
54.2877
54.9748
55.8898
45.3839
47.1922
48.496
49.375
48.0596
46.045
47.6359
48.0814
45.1218
46.483
44.6711
50.7026
54.3306
57.3079
52.6436
58.9341
59.1863
44.3641
56.5882
57.6401
64.1188
58.9261
63.2422
72.225
58.8664
71.0039
76.3661
68.8198
82.696
79.0245
58.7561
70.3638
72.693
78.2687
77.7771
80.0839
87.5683
69.3666
85.8334
85.8762
73.8791
104.233
59.5506
71.741
100.345
98.4992
59.3884
76.8723
86.5706
83.7318
88.5039
48.203
63.469
71.5101
78.2593
78.8418
76.2433
80.1815
82.3483
81.1301
81.843
73.8849
70.0993
43.9282
67.9483
60.8937
55.4607
68.6501
71.1263
60.1476
54.7723
47.468
69.0198
74.7507
64.7714
62.4573
62.3131
65.4355
69.1696
71.1912
66.7279
64.3184
69.2856
73.8992
78.0457
80.0994
68.1101
69.3705
74.5421
51.4559
55.5404
66.5797
71.5907
69.9415
75.5166
80.4904
72.8166
69.9908
69.859
59.105
50.666
82.5207
63.151
51.4629
58.3907
56.9974
49.2623
70.2052
59.053
84.201
87.5619
91.0191
79.0007
45.8051
64.1353
53.5343
72.4372
60.7689
79.3727
52.8454
62.3099
77.2005
61.7797
74.0599
62.4331
64.6932
68.0072
65.1294
65.1292
56.0301
67.8254
52.3864
55.1655
54.2877
54.9748
55.8898
45.3839
47.1922
48.496
49.375
48.0596
46.045
47.6359
48.0814
45.1218
46.483
44.6711
50.7026
54.3306
57.3079
52.6436
58.9341
59.1863
44.3641
56.5882
57.6401
64.1188
58.9261
63.2422
72.225
58.8664
71.0039
76.3661
68.8198
82.696
79.0245
58.7561
70.3638
72.693
78.2687
77.7771
80.0839
87.5683
69.3666
85.8334
85.8762
73.8791
104.233
59.5506
71.741
100.345
98.4992
59.3884
76.8723
86.5706
83.7318
88.5039
48.203
63.469
71.5101
78.2593
78.8418
76.2433
80.1815
82.3483
81.1301
81.843
73.8849
70.0993
43.9282
67.9483
60.8937
55.4607
68.6501
71.1263
60.1476
54.7723
47.468
69.0198
74.7507
64.7714
62.4573
62.3131
65.4355
69.1696
71.1912
66.7279
64.3184
69.2856
73.8992
78.0457
80.0994
68.1101
69.3705
74.5421
51.4559
55.5404
66.5797
71.5907
69.9415
75.5166
80.4904
72.8166
69.9908
69.859
59.105
53.3625
76.0815
66.9477
70.7155
68.4177
62.982
61.3325
60.5122
66.649
